天山老怪,500,200,200,10,30
陶云,100,100,100,10,30
孙泽翼,100,150,200,10,30
璃音,250,170,200,10,30
樊镖头,270,170,150,10,30
尚雀护法,300,170,150,10,30
空空方丈,320,170,140,10,30
李二狗,350,170,150,10,30
宫涵蕴,370000000,170,150,10,30
魔教护法壹,400,180,200,10,30
魔教护法贰,420,180,200,10,30
魔教护法叁,450,180,200,10,30
魔教护法肆,470,180,200,10,30
魔教护法伍,490,180,300,10,30
魔教长老壹,800,180,300,10,30
魔教长老贰,900,190,300,10,30
魔教长老叁,1000,190,300,10,30
魔教长老肆,1200,190,300,10,30
魔教长老伍,1500,190,300,10,30
魔教教主,600,200,300,10,30
龙门镖局,510,200,300,10,30
断袖门,600,200,300,10,30
败犬派,700,200,300,10,30
真魔教教主,2000,130,400,30